30,
21,
26,
24,
25,
22,
23,
25,
25,
29,
30,
32,
34,
35,
38,
39,
38,
37,
35,
34,
30,
29,
29,
29,
26,
21,
20,
19,
16,
17,
17,
18,
18,
17,
17,
19,
20,
20,
20,
20,
20,
21,
21,
21,
21,
21,
21,
20,
20,
19,
19,
19,
18,
18,
18,
17,
17,
17,
17,
17,
17,
16,
16,
16,
16,
15,
15,
16,
17,
17,
17,
17,
17,
17,
17,
17,
16,
17,
17,
17,
17,
17,
18,
18,
19,
19,
19,
19,
19,
19,
19,
20,
20,
25,
33,
33,
36,
38,
39,
43,
49,
51,
52,
52,
53,
54,
55,
54,
52,
52,
52,
52,
53,
53,
53,
54,
55,
56,
57,
57,
58,
58,
59,
59,
60,
60,
62,
63,
64,
65,
65,
67,
68,
68,
68,
68,
68,
69,
69,
69,
69,
69,
69,
69,
69,
68,
68,
65,
64,
61,
60,
59,
59,
56,
55,
54,
52,
51,
50,
49,
48,
43,
42,
40,
37,
36,
34,
33,
29,
26,
26,
24,
24,
25,
23,
23,
23,
22,
22,
22,
20,
19,
19,
18,
19,
18,
19,
19,
18,
19,
20,
19,
20,
20,
21,
21,
22,
23,
27,
31,
32,
35,
36,
41,
42,
45,
49,
50,
51,
52,
53,
56,
58,
60,
61,
61,
62,
62,
62,
62,
62,
60,
59,
58,
57,
56,
55,
55,
52,
52,
52,
51,
50,
50,
49,
47,
47,
45,
44,
43,
43,
42,
42,
42,
40,
39,
39,
39,
39,
39,
38,
36,
32,
31,
29,
31,
31,
31,
29,
28,
29,
27,
26,
27,
27,
28,
28,
29,
29,
27,
27,
26,
27,
27,
28,
28,
29,
31,
32,
34,
36,
36,
37,
38,
38,
38,
40,
42,
44,
45,
46,
47,
48,
49,
49,
52,
53,
55,
55,
55,
56,
56,
58,
58,
59,
60,
60,
60,
62,
64,
64,
64,
64,
65,
65,
65,
65,
65,
67,
67,
69,
71,
74,
75,
76,
77,
76,
76,
75,
75,
75,
74,
71,
71,
69,
69,
69,
69,
70,
70,
70,
68,
68,
66,
65,
62,
61,
58,
58,
57,
57,
57,
56,
55,
56,
55,
54,
53,
53,
50,
50,
48,
45,
44,
41,
40,
39,
40,
40,
40,
39,
35,
34,
33,
31,
30,
29,
27,
26,
25,
26,
25,
23,
23,
23,
23,
22,
22,
22,
23,
22,
20,
20,
20,
19,
18,
18,
19,
19,
19,
19,
18,
18,
17,
18,
18,
17,
18,
17,
17,
17,
17,
17,
17,
18,
19,
18,
19,
20,
21,
20,
20,
19,
19,
18,
19,
18,
18,
18,
19,
19,
19,
20,
20,
21,
21,
22,
22,
22,
22,
23,
22,
22,
23,
21,
20,
20,
20,
21,
21,
22,
21,
21,
20,
19,
18,
18,
18,
19,
18,
18,
17,
17,
18,
17,
18,
18,
18,
18,
18,
18,
18,
16,
16,
16,
16,
15,
15,
15,
15,
16,
16,
16,
17,
17,
16,
15,
14,
14,
14,
14,
14,
14,
14,
14,
14,
15,
14,
14,
14,
14,
14,
14,
14,
14,
14,
14,
14,
14,
15,
15,
15,
15,
14,
14,
14,
14,
14,
14,
14,
13,
13,
13,
13,
13,
13,
13,
12,
11,
11,
358,
358,
358,
357,
357,
357,
357,
357,
357,
358,
357,
356,
355,
355,
355,
354,
354,
354,
354,
354,
354,
355,
354,
354,
354,
354,
355,
357,
356,
356,
356,
356,
357,
357,
357,
355,
354,
354,
354,
354,
354,
354,
354,
354,
354,
354,
354,
354,
355,
355,
355,
355,
355,
355,
355,
356,
357,
357,
357,
356,
356,
356,
355,
355,
355,
355,
355,
355,
355,
355,
358,
359,
10,
14,
15,
16,
20,
22,
22,
23,
23,
25,
26,
27,
27,
29,
29,
29,
29,
29,
29,
29,
30,
32,
32,
33,
34,
34,
35,
35,
35,
35,
35,
35,
35,
36,
37,
38,
40,
42,
43,
43,
43,
44,
45,
45,
45,
45,
46,
46,
46,
46,
46,
46,
46,
47,
47,
48,
48,
50,
50,
52,
53,
53,
53,
53,
54,
53,
54,
53,
53,
52,
52,
53,
53,
54,
55,
58,
59,
60,
61,
61,
59,
58,
50,
55,
60,
51,
42,
44,
26,
29,
20,
18,
18,
18,
14,
15,
15,
14,
21,
34,
46,
39,
36,
36,
34,
33,
33,
22,
21,
37,
60,
56,
52,
49,
31,
27,
30,
20,
14,
13,
15,
16,
16,
17,
53,
27,
21,
50,
43,
39,
37,
37,
65,
52,
76,
75,
63,
39,
37,
27,
30,
30,
37,
39,
56,
53,
71,
68,
46,
21,
12,
11,
10,
13,
18,
27,
35,
35,
38,
37,
45,
51,
53,
52,
50,
50,
51,
43,
43,
40,
41,
42,
41,
42,
42,
42,
40,
40,
40,
41,
41,
41,
42,
42,
44,
46,
47,
49,
48,
50,
51,
53,
57,
58,
57,
57,
55,
55,
57,
57,
57,
54,
52,
53,
52,
50,
49,
45,
44,
44,
43,
42,
41,
41,
41,
41,
41,
42,
44,
44,
44,
45,
46,
47,
47,
47,
46,
44,
41,
40,
35,
30,
29,
12,
11,
14,
12,
15,
17,
18,
21,
16,
17,
14,
14,
17,
20,
21,
23,
23,
16,
15,
13,
13,
12,
11,
11,
11,
16,
18,
16,
14,
13,
17,
19,
19,
14,
13,
11,
11,
11,
17,
17,
18,
17,
17,
18,
18,
18,
15,
14,
10,
10,
10,
10,
14,
16,
16,
